SITE,BC1,BC2,BC3,GS1,GS2,SCER1,SCER2,SCER3
BC1,0,0.08,0.095,0.225,0.082,0.065,0.071,0.029
BC2,0.08,0,0.03,0.213,0.095,0.068,0.052,0.045
BC3,0.095,0.03,0,0.244,0.082,0.051,0.037,0.066
GS1,0.225,0.213,0.244,0,0.179,0.196,0.184,0.187
GS2,0.082,0.095,0.082,0.179,0,0.093,0.079,0.085
SCER1,0.065,0.068,0.051,0.196,0.093,0,0.069,0.05
SCER2,0.071,0.052,0.037,0.184,0.079,0.069,0,0.068
SCER3,0.029,0.045,0.066,0.187,0.085,0.05,0.068,0
